epoch,loss,lr,mean_absolute_percentage_error
0,2622.5024948120117,0.001,1240654.0260175467
1,2595.355962753296,0.001,3876697.0288776755
2,2592.834840774536,0.001,5144822.535179913
3,2571.139362335205,0.001,5550128.050172925
4,2553.276803970337,0.001,5014359.647650301
5,2516.051118850708,0.001,6052489.782665014
6,2522.6526851654053,0.001,5470508.3665982485
7,2486.477098464966,0.001,4608896.8782144785
8,2490.640733718872,0.001,5808583.96600765
9,2478.3621978759766,0.001,4907484.870753765
10,2448.88978767395,0.001,5615218.785994053
11,2429.866593360901,0.001,5119282.450436294
12,2412.478186607361,0.001,7302431.540328562
13,2380.4196348190308,0.001,7481933.534491777
14,2365.882122039795,0.001,6059694.7321527
15,2396.7570571899414,0.001,5799835.619301438
16,2317.788528442383,0.001,6393306.34118557
17,2274.560975074768,0.001,7024304.043389201
18,2293.109909057617,0.001,7049485.905349135
19,2296.4091329574585,0.001,5836562.9763272405
20,2277.388286590576,0.001,8047704.208068907
21,2265.136830329895,0.001,8248975.67499876
22,2231.2656927108765,0.001,9319144.998630404
23,2209.7003564834595,0.001,8280342.843215287
24,2211.795870780945,0.001,6748551.415868044
25,2221.5169763565063,0.001,9095874.463582277
26,2158.000346183777,0.001,8781024.752606988
27,2187.4495334625244,0.001,9947316.559890807
28,2138.0514154434204,0.001,10156497.338820755
29,2132.6572647094727,0.001,9096292.919676661
30,2101.9100103378296,0.001,11017703.587812066
31,2119.1558628082275,0.001,9550849.481823862
32,2063.0072736740112,0.001,12580392.176056743
33,2071.509958267212,0.001,11701437.788132131
34,2033.6106824874878,0.001,9441631.516780555
35,2055.7975540161133,0.001,11280672.75753212
36,2033.1876430511475,0.001,11160744.444048047
37,2005.060399055481,0.001,11951948.633562386
38,1978.365125656128,0.001,12614248.122709513
39,1960.0109186172485,0.001,12196202.005946577
40,1951.7498626708984,0.001,12180591.1772753
41,1926.5643301010132,0.001,12307713.909272373
42,1928.1644172668457,0.001,13686151.246081889
43,1900.5077590942383,0.001,14166404.168827772
44,1884.281623840332,0.001,13543362.424561799
45,1874.2457399368286,0.001,13823401.814901412
46,1880.3794441223145,0.001,17205672.297151744
47,1865.4442625045776,0.001,15266155.869466305
48,1842.350344657898,0.001,13579634.288064241
49,1843.4928903579712,0.001,15530541.141473532
50,1839.084789276123,0.001,14558760.214032948
51,1805.4341449737549,0.001,13957556.57713604
52,1780.3944721221924,0.001,16603545.059387743
53,1766.4019451141357,0.001,15638670.441606462
54,1752.4158201217651,0.001,16712793.129481912
55,1743.9924621582031,0.001,16240205.508180201
56,1712.9087705612183,0.001,16177771.213183165
57,1714.8501682281494,0.001,16836950.057361484
58,1723.49001121521,0.001,17439704.83656031
59,1688.7531547546387,0.001,16400122.773905814
60,1658.1719675064087,0.001,21219290.54620564
61,1665.5725994110107,0.001,18582610.846950114
62,1643.3786144256592,0.001,21328269.656273544
63,1637.3963117599487,0.001,17384219.08034414
64,1615.7301301956177,0.001,15905102.788033843
65,1594.2449769973755,0.001,22723731.705907702
66,1602.620306968689,0.001,22587968.51200193
67,1587.5982456207275,0.001,19271415.882810414
68,1563.4134283065796,0.001,16222858.203998566
69,1551.0791606903076,0.001,20077927.01887387
70,1524.5759525299072,0.001,21129841.632457256
71,1495.7742166519165,0.001,19832609.75765592
72,1522.9894466400146,0.001,19226790.63227874
73,1527.5466203689575,0.001,21443967.415257752
74,1490.821361541748,0.001,21653639.855566025
75,1473.8776836395264,0.001,21514052.036259413
76,1461.9377212524414,0.001,20041695.64721906
77,1449.6106414794922,0.001,24812737.40676087
78,1442.9544439315796,0.001,24596068.206144154
79,1411.3187885284424,0.001,24929555.68320012
80,1405.7421436309814,0.001,24578750.769759536
81,1408.6570682525635,0.001,25567645.875355184
82,1381.8564023971558,0.001,24633803.006976306
83,1376.8349361419678,0.001,27436320.015099823
84,1368.116325378418,0.001,24441913.398359418
85,1351.1107473373413,0.001,29102215.09464562
86,1338.4769735336304,0.001,25745472.819687605
87,1344.009482383728,0.001,24082386.85150969
88,1311.5181460380554,0.001,27198017.79487419
89,1299.8290724754333,0.001,26545820.484383404
90,1293.181345462799,0.001,24330498.048733115
91,1269.7128252983093,0.001,25916497.534627438
92,1275.958288192749,0.001,24984897.544761717
93,1255.9888319969177,0.001,26937480.815887928
94,1228.4149188995361,0.001,29075090.281856894
95,1209.9692034721375,0.001,32774503.158834815
96,1219.3673253059387,0.001,28429417.839945912
97,1206.601080417633,0.001,26188653.542813122
98,1195.6916813850403,0.001,30955079.868890762
99,1196.089457988739,0.001,32247215.732042372
100,1181.183195590973,0.001,34789537.56193131
101,1147.683910369873,0.001,34361456.250297666
102,1158.0248827934265,0.001,30218778.359837115
103,1123.57421541214,0.001,28662166.581587315
104,1128.279920578003,0.001,32093542.736072004
105,1126.9596548080444,0.001,35304974.31802994
106,1123.223069190979,0.001,31766991.835164547
107,1104.2210893630981,0.001,29073419.49503112
108,1107.392213344574,0.001,35655308.59538281
109,1090.4667105674744,0.001,39432875.41401285
110,1074.3247985839844,0.001,37397287.06266254
111,1053.8596458435059,0.001,34774262.7257247
112,1059.331422328949,0.001,32883793.758254528
113,1044.356879234314,0.001,37339597.27028346
114,1022.3606429100037,0.001,36364046.575689375
115,1025.7674431800842,0.001,33979165.84200215
116,1002.5983033180237,0.001,38121252.499822795
117,987.2969102859497,0.001,37491466.933997095
118,974.8739328384399,0.001,36028538.80083668
119,977.7361187934875,0.001,40981151.32779431
120,944.4426755905151,0.001,41345713.56568277
121,958.9542665481567,0.001,38641086.233308375
122,943.9376268386841,0.001,37431781.852883756
123,928.2122111320496,0.001,42843188.02975708
124,922.1273126602173,0.001,41520573.90026277
125,922.4669151306152,0.001,41213510.161088884
126,908.0461392402649,0.001,46319012.77411419
127,872.9859237670898,0.001,46666475.74126911
128,881.5891556739807,0.001,39163515.8278479
129,897.3025760650635,0.001,36514792.70301771
130,863.7605123519897,0.001,51899831.16882306
131,859.8475699424744,0.001,48180951.436187565
132,846.4219589233398,0.001,43491606.85293871
133,849.2904734611511,0.001,45305676.27655697
134,843.080207824707,0.001,39757305.8136363
135,829.8596181869507,0.001,44139419.55908364
136,832.5455985069275,0.001,45894663.86841923
137,815.8252882957458,0.001,48161788.83932203
138,796.2228784561157,0.001,55182435.20041555
139,790.0548212528229,0.001,50625496.75773364
140,794.3788342475891,0.001,48552931.027593434
141,771.709981918335,0.001,44786036.84328288
142,757.9224281311035,0.001,51007191.24211115
143,744.7925508022308,0.001,39818769.10355109
144,758.1737689971924,0.001,57177232.481756985
145,731.0608003139496,0.001,50806068.35532141
146,732.7170977592468,0.001,48654829.45761496
147,727.4115710258484,0.001,51293040.68727505
148,710.3322067260742,0.001,59100671.54351491
149,709.6160001754761,0.001,49051613.42114735
150,699.8187139034271,0.001,56772507.13843882
151,682.2687845230103,0.001,50141783.97771704
152,675.8745954036713,0.001,61458918.89163262
153,677.6474828720093,0.001,53585084.05908996
154,671.7620103359222,0.001,60719161.665263355
155,663.7431018352509,0.001,60189164.95919144
156,657.4913415908813,0.001,63363390.810560614
157,660.5473592281342,0.001,51304959.02077085
158,644.1415801048279,0.001,57254703.61708498
159,628.9525697231293,0.001,57596364.775547385
160,619.1477255821228,0.001,67205294.61611283
161,621.092798948288,0.001,49226044.48894042
162,611.7079148292542,0.001,65935161.194440424
163,593.260439157486,0.001,64750836.52637765
164,598.192512512207,0.001,60275852.58610064
165,587.7007565498352,0.001,67870070.59146294
166,567.2547569274902,0.001,74518700.02288297
167,576.3485701084137,0.001,72566265.20557302
168,557.558511018753,0.001,71809273.71174946
169,552.0384707450867,0.001,68801141.54627368
170,544.3668138980865,0.001,73830724.04072222
171,536.2770440578461,0.001,61968105.450686336
172,537.7673444747925,0.001,74312043.14095211
173,531.0959267616272,0.001,67237737.63296568
174,526.9437396526337,0.001,70330005.03727001
175,526.1861782073975,0.001,62025558.13062048
176,519.855064868927,0.001,74856740.13870421
177,496.3955397605896,0.001,75264530.86887592
178,498.56151366233826,0.001,76018730.82649317
179,474.86397433280945,0.001,80637152.72236192
180,480.52621722221375,0.001,76141701.91889372
181,475.05701899528503,0.001,87151011.36827576
182,454.2892687320709,0.001,78097322.43663001
183,459.83975052833557,0.001,85463795.52544382
184,444.09594559669495,0.001,81813247.13146368
185,444.4436070919037,0.001,90301171.06600744
186,455.6619682312012,0.001,87313058.07534164
187,438.832848072052,0.001,72069579.40974805
188,439.5238609313965,0.001,96850793.83920595
189,466.6288950443268,0.001,77277371.34557661
190,420.53454971313477,0.001,88853950.51270685
191,405.0063579082489,0.001,74070487.98442689
192,411.6821072101593,0.001,86476792.04294905
193,400.81131529808044,0.001,128095246.43163729
194,396.2638564109802,0.001,85602864.13952318
195,398.5415164232254,0.001,92470409.24036941
196,385.4868870973587,0.001,90263076.27395445
197,374.1473754644394,0.001,93712244.34404668
198,371.7051614522934,0.001,98766748.82565603
199,372.48437535762787,0.001,91583617.75313035
200,361.6632761955261,0.001,100334684.28041852
201,365.0163642168045,0.001,98181973.01115265
202,345.1046162843704,0.001,100144635.02117968
203,353.5044038295746,0.001,118016018.06123087
204,345.6386924982071,0.001,109755819.94040933
205,332.49077785015106,0.001,108163471.39505202
206,333.9395570755005,0.001,103459669.24980086
207,332.3345627784729,0.001,121527194.6586887
208,330.6207609176636,0.001,99871590.71037069
209,326.57842099666595,0.001,113145470.63981211
210,313.4188675880432,0.001,96404357.9017818
211,318.02628576755524,0.001,106632371.08551303
212,308.940829873085,0.001,105055124.49329841
213,306.2925157546997,0.001,99164619.45639384
214,306.838051199913,0.001,121398811.27644014
215,293.9004656672478,0.001,107410017.82223791
216,288.1210345029831,0.001,125329346.99116167
217,277.2193788290024,0.001,108138793.90355784
218,295.6846433877945,0.001,117643778.67110685
219,293.8571273088455,0.001,105931131.18562937
220,277.1459929943085,0.001,132454750.28805956
221,277.1930021047592,0.001,120064761.82386944
222,271.84633803367615,0.001,104772085.21360502
223,266.99888920783997,0.001,125468452.2355966
224,267.4889761209488,0.001,125040718.49432397
225,253.49680817127228,0.001,122587064.57324445
226,256.13620388507843,0.001,118140548.5780752
227,250.05800020694733,0.001,137808145.99110678
228,252.26262176036835,0.001,136277165.76317534
229,247.40833950042725,0.001,130051063.39184657
230,243.3990228176117,0.001,120330444.64526555
231,236.45403027534485,0.001,136634356.8311637
232,232.01440274715424,0.001,138477881.19830105
233,228.21477937698364,0.001,141445105.680348
234,232.89101946353912,0.001,145050207.80755067
235,223.21504616737366,0.001,144141002.14681196
236,222.67004668712616,0.001,159556273.29574114
237,232.97985124588013,0.001,141367793.9324581
238,227.50313246250153,0.001,123574190.47764182
239,277.7539732456207,0.001,103739837.21536544
240,279.9500769376755,0.001,141299806.00830725
241,239.79709577560425,0.001,145079636.582014
242,215.80243718624115,0.001,175498969.44187194
243,228.16500961780548,0.001,107054465.32719982
244,201.21892470121384,0.001,140438317.307176
245,217.87723517417908,0.001,166829490.81693095
246,223.6107502579689,0.001,163890097.84183508
247,194.5144646167755,0.001,173764044.83992147
248,189.63709443807602,0.001,177375861.62859198
249,193.71784734725952,0.001,147913422.7411402
250,196.54718798398972,0.001,112386432.97928676
251,182.16365659236908,0.001,144117871.23260805
252,180.1121979355812,0.001,161135578.6357316
253,174.92947417497635,0.001,157572090.68465722
254,173.894700050354,0.001,164292392.22093982
255,175.25706279277802,0.001,150910078.8235389
256,165.72622793912888,0.001,166478616.36748025
257,164.9155129790306,0.001,176871168.23892373
258,160.50459641218185,0.001,188620821.7077352
259,162.72770512104034,0.001,162789841.72578928
260,162.98823630809784,0.001,159892438.66662264
261,168.1454662680626,0.001,175903758.12828064
262,156.36878901720047,0.001,165397423.65132242
263,158.69952881336212,0.001,197408623.66893613
264,152.51947528123856,0.001,178446383.44740185
265,147.41674381494522,0.001,169867297.21493965
266,150.00140595436096,0.001,164133161.7541949
267,149.78994101285934,0.001,178015873.78692448
268,145.19591277837753,0.001,172861794.6267684
269,145.27340936660767,0.001,183509214.50155663
270,137.73082798719406,0.001,168933885.2830092
271,139.20450776815414,0.001,188883705.309101
272,134.88068443536758,0.001,188325556.6496427
273,133.7290273308754,0.001,177668752.1111103
274,130.74102663993835,0.001,220495004.7294991
275,128.24077659845352,0.001,195821088.93271637
276,134.12514543533325,0.001,159041611.16125458
277,129.32064723968506,0.001,187073181.09288195
278,132.33160036802292,0.001,194124999.00765997
279,124.64630407094955,0.001,190293243.38032869
280,127.74411988258362,0.001,173126030.64197963
281,123.75142604112625,0.001,166739573.38308138
282,122.95115524530411,0.001,147776646.5429655
283,116.99593567848206,0.001,184737420.85496402
284,115.29991289973259,0.001,181199334.32402247
285,117.79686188697815,0.001,158344225.44222564
286,119.87204569578171,0.001,199324590.37980822
287,119.72560662031174,0.001,197233412.81953597
288,114.80076450109482,0.001,153724795.2767152
289,106.11780214309692,0.001,187420290.23071763
290,111.77312582731247,0.001,181700247.72624248
291,103.50933220982552,0.001,171945105.48094207
292,101.8131112754345,0.001,187623264.06390774
293,104.92393100261688,0.001,156271196.19819558
294,96.8299853503704,0.001,200344454.3324074
295,99.65858456492424,0.001,188615155.99130273
296,93.67282125353813,0.001,202248836.125929
297,98.58233857154846,0.001,191194247.50930348
298,92.81566241383553,0.001,150483506.35939714
299,95.08510249853134,0.001,181852518.30825734
300,97.8663902580738,0.001,168368139.24273115
301,89.0887642800808,0.001,165613814.52749047
302,92.29442545771599,0.001,191539794.494932
303,87.0035771727562,0.001,165858297.17449504
304,88.39717829227448,0.001,174377521.30236632
305,86.72814750671387,0.001,174376671.51057988
306,82.6325740814209,0.001,168466276.52632475
307,83.728256046772,0.001,164148593.22839248
308,83.69806799292564,0.001,158307906.06850487
309,79.2513033747673,0.001,179842281.95474532
310,81.13685390353203,0.001,167391155.78995544
311,80.49923521280289,0.001,179096492.06663606
312,79.81629505753517,0.001,160753802.24738327
313,76.61011728644371,0.001,168430510.19426006
314,78.20553249120712,0.001,138617348.30495918
315,74.13738015294075,0.001,158069486.4569907
316,69.67570692300797,0.001,190753843.8007419
317,72.15597949922085,0.001,179413426.89044222
318,70.86344793438911,0.001,156939830.72527963
319,69.44734796881676,0.001,190258364.22793648
320,70.13258200883865,0.001,175882603.74165687
321,65.73671153187752,0.001,166538481.15136057
322,65.4184000492096,0.001,157720925.15009803
323,60.15826436877251,0.001,178143888.3468597
324,58.71665772795677,0.001,160223861.08635575
325,63.22377918660641,0.001,154361918.57041883
326,66.18827614188194,0.001,148897767.2480308
327,59.15209226310253,0.001,178344077.66707462
328,58.9617885351181,0.001,146009116.2752346
329,56.9132020175457,0.001,158300516.51269096
330,56.99722930788994,0.001,179421267.4748348
331,55.02557139098644,0.001,142657477.70046622
332,54.72681739926338,0.001,145574218.2810991
333,54.47603787481785,0.001,167195826.91442406
334,53.943892911076546,0.001,152083932.41004154
335,55.185328617691994,0.001,142809834.83948117
336,53.35619866847992,0.001,131438853.39712332
337,53.44333657622337,0.001,129807621.67197184
338,52.187474489212036,0.001,132228338.1792708
339,49.48921154439449,0.001,140903852.108032
340,47.21176706254482,0.001,164113244.32520843
341,45.46708442270756,0.001,137700603.83339477
342,47.71221920102835,0.001,137676253.6909803
343,45.96294888854027,0.001,133677439.31358667
344,44.79640556871891,0.001,129117283.03072143
345,44.22357788681984,0.001,135905726.931656
346,43.513625636696815,0.001,138274871.9429714
347,43.43119719624519,0.001,117110477.86116917
348,40.21017703413963,0.001,126161042.9084599
349,42.870080038905144,0.001,132145564.92079233
350,41.57721195369959,0.001,133209831.45125303
351,40.02149520069361,0.001,121905957.9559201
352,39.61625753343105,0.001,152110706.82051927
353,38.70483319461346,0.001,116396671.80890422
354,36.86931272596121,0.001,123274691.6647645
355,37.44638902693987,0.001,122394528.8237679
356,37.31836226582527,0.001,122751154.0976428
357,35.85389918833971,0.001,130357615.87447512
358,38.19174285978079,0.001,107932136.57304335
359,35.34567675739527,0.001,116010325.60387485
360,33.60390517860651,0.001,115993943.59171438
361,33.5048481374979,0.001,114002701.88507524
362,34.812310464680195,0.001,97185329.43780766
363,33.093460246920586,0.001,94638550.65026778
364,34.71621733531356,0.001,98045921.93705723
365,34.00429105758667,0.001,99281570.30543378
366,32.08539095893502,0.001,98057253.08645621
367,30.79324410483241,0.001,97309501.94587767
368,31.884903334081173,0.001,105017816.25043924
369,28.496358685195446,0.001,107288042.91129464
370,32.13911446556449,0.001,84402613.04863213
371,29.156329840421677,0.001,66150425.44747581
372,30.650307565927505,0.001,77491964.96696572
373,31.08385044708848,0.001,84243966.0636877
374,28.827352702617645,0.001,85403064.33840807
375,27.899651704356074,0.001,79290949.5914138
376,27.271318688988686,0.001,77579506.05572328
377,29.085979651659727,0.001,77245509.54159045
378,27.886450491845608,0.001,72691061.42719932
379,26.521864727139473,0.001,71021128.10213226
380,29.124500818550587,0.001,71300318.70142706
381,27.066378816962242,0.001,65870224.73349728
382,27.510528538376093,0.001,70118397.8515227
383,25.431588120758533,0.001,55460681.814514704
384,25.004101226106286,0.001,49026032.595698595
385,26.797753006219864,0.001,54452074.19598012
386,24.89513592235744,0.001,43764618.75549457
387,25.3076308676973,0.001,48906045.77320445
388,22.867608722299337,0.001,44295599.511311874
389,23.493661798536777,0.001,35448347.58221011
390,24.985108766704798,0.001,46259510.95241539
391,24.409613030031323,0.001,33919014.741882436
392,23.80682608485222,0.001,31149082.965671383
393,25.075813118368387,0.001,37506583.69191438
394,25.865301318466663,0.001,36989136.6001005
395,22.040584965609014,0.001,26651938.601989593
396,24.00289972126484,0.001,21278070.303314745
397,21.876880287891254,0.001,20681369.43352963
398,22.536793453618884,0.001,16731887.7292411
399,24.027749616652727,0.001,23722824.063077994
400,20.94636178202927,0.001,19218542.571558684
401,23.06660621240735,0.001,17176101.107538372
402,23.371518585830927,0.001,18976032.54560143
403,24.157955840229988,0.001,13163947.633601516
404,22.34843302424997,0.001,13541442.371579349
405,23.01944120042026,0.001,13768348.131916907
406,23.28485799394548,0.001,12335317.598440794
407,23.554163329303265,0.001,14879185.085393202
408,24.050006004050374,0.001,12456827.88235294
409,24.935778757557273,0.001,14922628.184696062
410,22.51821180433035,0.001,12488624.222985506
