epoch,loss,lr,val_loss
0,0.013424694450231086,0.001,0.005272702562656673
1,0.003522975406688179,0.001,0.0019310244440991083
2,0.0013986864028839579,0.001,0.0010320381445901707
3,0.0007872009007129031,0.001,0.0005719480708037782
4,0.0005204792292690246,0.001,0.00040266782092594685
5,0.0003805230341320464,0.001,0.0003246234728686848
6,0.0002827025311720282,0.001,0.00022288241877335696
7,0.00022413163074098762,0.001,0.00015092567815969325
8,0.00017897343417977205,0.001,0.00020054061137447533
9,0.00016221518068357935,0.001,0.0002513742788820992
10,0.0001407120632201197,0.001,0.00019610921551843164
11,0.00014270275823434185,0.001,0.00011296124155708794
12,0.0001296031438010994,0.001,0.00010859912637779459
13,0.00013326597420505287,0.001,0.00013520515701149054
14,0.00012311829430498774,0.001,0.00011743055736345702
15,0.00013472828659488045,0.001,8.457981135527176e-05
16,0.00012554205008405328,0.001,0.000166643779469682
17,9.182476841116612e-05,0.0005,0.00010460824834805708
18,9.133283351793965e-05,0.0005,8.621880844222136e-05
19,9.048541970501824e-05,0.0005,9.155572203770958e-05
20,8.868543151602096e-05,0.0005,0.00013579235995363992
21,9.361586738853309e-05,0.0005,7.997982591119774e-05
22,7.967623114638345e-05,0.00025,9.655951162159632e-05
23,8.041601835891054e-05,0.00025,8.089193332748098e-05
24,7.988187748017315e-05,0.00025,7.86188316569116e-05
25,7.97883286075273e-05,0.00025,7.677762362931297e-05
26,7.858216571113305e-05,0.00025,7.706921789891097e-05
27,7.631273984886102e-05,0.000125,8.099243067015477e-05
28,7.614882134719306e-05,0.000125,7.760494328527371e-05
29,7.598971895558733e-05,0.000125,8.880165759106898e-05
30,7.587815720988044e-05,0.000125,7.692866329624533e-05
31,7.53161647237352e-05,0.000125,7.595775006845389e-05
32,7.480679308006894e-05,1e-04,7.713232103973389e-05
33,7.505852325932569e-05,1e-04,7.535236136030838e-05
34,7.450868185809616e-05,1e-04,8.026720935004843e-05
35,7.46867971980131e-05,1e-04,7.596788008674454e-05
36,7.453269444481457e-05,1e-04,7.487297891415937e-05
37,7.391393893401624e-05,1e-04,7.531958868299616e-05
38,7.432491412389578e-05,1e-04,7.660298860261421e-05
39,7.404492580590927e-05,1e-04,7.90778233356244e-05
40,7.404667888128553e-05,1e-04,7.804165685235001e-05
41,7.346834811959154e-05,1e-04,8.44655292611953e-05
42,7.378558845924948e-05,1e-04,7.41042211521642e-05
43,7.351236615672668e-05,1e-04,7.655407977696337e-05
44,7.335459255993786e-05,1e-04,7.50036719191038e-05
45,7.334935321459468e-05,1e-04,7.579720760306356e-05
46,7.304887543104484e-05,1e-04,7.392594604228074e-05
47,7.292587501915092e-05,1e-04,7.371004444761747e-05
48,7.288027161233861e-05,1e-04,7.479130122790308e-05
49,7.262409854890175e-05,1e-04,7.499362995604344e-05
50,7.240605761106847e-05,1e-04,7.365972807009338e-05
51,7.227853549895218e-05,1e-04,7.400844575031571e-05
52,7.249061760171251e-05,1e-04,7.463429877533586e-05
53,7.235611549949168e-05,1e-04,7.30384717610179e-05
54,7.231633559494069e-05,1e-04,7.312721146175434e-05
55,7.208626244699216e-05,1e-04,7.414525396701815e-05
56,7.200915568088457e-05,1e-04,7.46137831058824e-05
57,7.14802301265824e-05,1e-04,7.58259746869812e-05
58,7.135113820099127e-05,1e-04,7.567099454128604e-05
59,7.149694205842204e-05,1e-04,7.544264137896558e-05
60,7.12080937556096e-05,1e-04,8.227477618705307e-05
61,7.149996436824104e-05,1e-04,7.8134092912517e-05
62,7.100517080250708e-05,1e-04,7.65315576324759e-05
63,7.099298070411159e-05,1e-04,7.467448595902409e-05
64,7.104773675321116e-05,1e-04,7.170022012080655e-05
65,7.064538939387053e-05,1e-04,7.192329495639553e-05
66,7.076207523785112e-05,1e-04,7.230994629134201e-05
67,7.066712608154286e-05,1e-04,7.362907334793914e-05
68,7.038479694452229e-05,1e-04,7.854005085109185e-05
69,7.05375527949925e-05,1e-04,7.905031484247313e-05
70,7.045912436655605e-05,1e-04,7.224139793799591e-05
71,7.019996211427907e-05,1e-04,7.468970888820086e-05
72,6.978727975929104e-05,1e-04,7.137437530121878e-05
73,7.014098504646747e-05,1e-04,7.144377811835111e-05
74,6.995681897920727e-05,1e-04,7.183456480895684e-05
75,6.944591277459321e-05,1e-04,7.122723539766676e-05
76,6.974489775709283e-05,1e-04,7.100845213750526e-05
77,6.956335561535269e-05,1e-04,7.291499424021745e-05
78,6.966822878842924e-05,1e-04,7.178169266195679e-05
79,6.92926535815735e-05,1e-04,7.40514908805722e-05
80,6.966509788238089e-05,1e-04,7.041693886502339e-05
81,6.928165389133067e-05,1e-04,7.394995181909844e-05
82,6.944586758167338e-05,1e-04,7.123817999458137e-05
83,6.929373181700496e-05,1e-04,7.152196498809674e-05
84,6.907862049738982e-05,1e-04,7.051461699320758e-05
85,6.861909187905504e-05,1e-04,7.085713164858917e-05
86,6.896296349431152e-05,1e-04,7.15383922958137e-05
87,6.908777071094192e-05,1e-04,7.016270614194827e-05
88,6.848456746731347e-05,1e-04,7.082440237910966e-05
89,6.868331023929707e-05,1e-04,6.954680421123415e-05
90,6.873229391254734e-05,1e-04,6.9613332488925e-05
91,6.8095932111249e-05,1e-04,7.012061550548167e-05
92,6.853822614828741e-05,1e-04,6.999252872895221e-05
93,6.829206610400178e-05,1e-04,6.983928097608107e-05
94,6.818472480312855e-05,1e-04,7.02607380015932e-05
95,6.811744121516544e-05,1e-04,7.289628846810322e-05
96,6.82470835413305e-05,1e-04,7.190997528973834e-05
97,6.802046134933488e-05,1e-04,7.345109875470758e-05
98,6.808509292248244e-05,1e-04,6.890422030617358e-05
99,6.785575303734398e-05,1e-04,7.124221230492331e-05
100,6.778798077147271e-05,1e-04,6.952471442121375e-05
101,6.804402882166036e-05,1e-04,7.227185887291772e-05
102,6.796541488704822e-05,1e-04,7.033220352388205e-05
103,6.757729447407412e-05,1e-04,7.07586361916766e-05
104,6.759728720693679e-05,1e-04,6.872005438036912e-05
105,6.774381577024158e-05,1e-04,6.870680758283103e-05
106,6.718073100914103e-05,1e-04,6.997669986010088e-05
107,6.738013809655045e-05,1e-04,7.788255624307051e-05
108,6.73917764928979e-05,1e-04,6.967024332858481e-05
109,6.751330200669644e-05,1e-04,7.088825576802163e-05
110,6.720473645312357e-05,1e-04,7.019155653039172e-05
111,6.717636963618185e-05,1e-04,6.861889308638407e-05
112,6.691922617520363e-05,1e-04,7.085053187650341e-05
113,6.673996958596317e-05,1e-04,7.050267399307901e-05
114,6.67098857147593e-05,1e-04,7.356553687252807e-05
115,6.702417236405201e-05,1e-04,6.824619190115408e-05
116,6.683296665408268e-05,1e-04,6.918983324278676e-05
117,6.6440857530401e-05,1e-04,6.887966607089956e-05
118,6.662599414891996e-05,1e-04,6.83387359303054e-05
119,6.676375585965629e-05,1e-04,6.873252643832218e-05
120,6.65871892329371e-05,1e-04,7.071203775930834e-05
121,6.69071033537965e-05,1e-04,6.835588348864115e-05
122,6.682163052765888e-05,1e-04,6.781431779141978e-05
123,6.636637914761849e-05,1e-04,6.795940599023296e-05
124,6.641939521806551e-05,1e-04,6.79189154014184e-05
125,6.646137639698179e-05,1e-04,7.042778923771035e-05
126,6.621518251436933e-05,1e-04,7.108994647770125e-05
127,6.606815395955469e-05,1e-04,6.858119466071749e-05
128,6.640580496922936e-05,1e-04,6.74104186202209e-05
129,6.623983678931017e-05,1e-04,6.855829597677535e-05
130,6.597869659357534e-05,1e-04,7.030162219549995e-05
131,6.606961704190479e-05,1e-04,6.910703505329248e-05
132,6.599384263685812e-05,1e-04,7.536966864378657e-05
133,6.602439436238443e-05,1e-04,6.759574906823038e-05
134,6.594053118302763e-05,1e-04,6.899284403552537e-05
135,6.596232908097437e-05,1e-04,6.806244437173953e-05
136,6.536405730720373e-05,1e-04,6.87118018012905e-05
137,6.562433491254383e-05,1e-04,6.955331053165829e-05
138,6.573316455666224e-05,1e-04,6.876010201211277e-05
139,6.554690312121136e-05,1e-04,6.736461252925907e-05
140,6.553758041110074e-05,1e-04,6.759516873854292e-05
141,6.561657433516123e-05,1e-04,6.80555008423663e-05
142,6.536040784058187e-05,1e-04,6.817753337066851e-05
143,6.538128497121645e-05,1e-04,6.79791587565047e-05
144,6.540657839291847e-05,1e-04,6.659411466031051e-05
145,6.517261245392893e-05,1e-04,6.768204950705936e-05
146,6.535289897034141e-05,1e-04,6.95544819665996e-05
147,6.52443609384059e-05,1e-04,6.774442418730816e-05
148,6.53184653574627e-05,1e-04,6.952629604258961e-05
149,6.502714257320048e-05,1e-04,6.707609031656048e-05
150,6.525476094627176e-05,1e-04,6.800434587325195e-05
151,6.498875365753225e-05,1e-04,6.883715867542178e-05
152,6.512977715957136e-05,1e-04,6.632607999335599e-05
153,6.512296902553611e-05,1e-04,6.718251521816469e-05
154,6.50569947615174e-05,1e-04,6.772098159382457e-05
155,6.47390103783347e-05,1e-04,6.857594401375818e-05
156,6.487141078433127e-05,1e-04,6.650890233460076e-05
157,6.489254399793039e-05,1e-04,7.12443346648607e-05
158,6.488994281233983e-05,1e-04,7.157171750773282e-05
159,6.468222110899506e-05,1e-04,6.639571349639645e-05
160,6.454557904516163e-05,1e-04,6.829982917678724e-05
161,6.466919193896924e-05,1e-04,6.590959083257729e-05
162,6.446143944090245e-05,1e-04,6.626392261171455e-05
163,6.458167698722936e-05,1e-04,6.737987835891176e-05
164,6.439700537413674e-05,1e-04,6.621832473306118e-05
165,6.436104237546318e-05,1e-04,6.645094256360296e-05
166,6.46146436748226e-05,1e-04,6.665920805228098e-05
167,6.449331242909236e-05,1e-04,6.579115406292559e-05
168,6.462648004895194e-05,1e-04,6.675741009553672e-05
169,6.45628036860652e-05,1e-04,6.876165430480688e-05
170,6.428272527942604e-05,1e-04,6.615588878371448e-05
171,6.466033494650897e-05,1e-04,6.640506994548193e-05
172,6.442544505313288e-05,1e-04,6.65620542369822e-05
173,6.420756729145889e-05,1e-04,6.97093664178855e-05
174,6.432601679682167e-05,1e-04,6.544218772598698e-05
175,6.419639463838137e-05,1e-04,6.628075698677491e-05
176,6.400391280742913e-05,1e-04,6.543482438193099e-05
177,6.44224371415117e-05,1e-04,6.659821535427627e-05
178,6.430517255146594e-05,1e-04,6.578223298362083e-05
179,6.408043364374439e-05,1e-04,6.919284444569836e-05
180,6.425143899986336e-05,1e-04,6.58397320977142e-05
181,6.393844574939093e-05,1e-04,6.581545250389574e-05
182,6.403568270247312e-05,1e-04,6.653760387148028e-05
183,6.378779333727565e-05,1e-04,6.603240474222616e-05
184,6.375587246098726e-05,1e-04,6.678438002368909e-05
185,6.392570484050838e-05,1e-04,6.613347492530934e-05
186,6.370996018465032e-05,1e-04,6.59071335710346e-05
187,6.36727997273187e-05,1e-04,6.48635447000577e-05
188,6.40688634466898e-05,1e-04,6.548641266833722e-05
189,6.355795097040523e-05,1e-04,6.946521541042837e-05
190,6.354338887908404e-05,1e-04,6.677094906140134e-05
191,6.373260885724654e-05,1e-04,6.495063737651559e-05
192,6.356164363162054e-05,1e-04,6.495720167398392e-05
193,6.356739110524872e-05,1e-04,7.224976324829422e-05
194,6.366240450518835e-05,1e-04,6.531663960717263e-05
195,6.380208018219466e-05,1e-04,6.892676958271853e-05
196,6.336208961085862e-05,1e-04,6.616351734853288e-05
197,6.361553682388186e-05,1e-04,6.480820762927434e-05
198,6.351388662333705e-05,1e-04,6.621421148778026e-05
199,6.310313807441328e-05,1e-04,6.899884489598121e-05
200,6.350530469281809e-05,1e-04,6.702712820691578e-05
201,6.323830096680723e-05,1e-04,6.734493515735955e-05
202,6.333664760590387e-05,1e-04,6.782132027219285e-05
203,6.34356831039735e-05,1e-04,6.89295677361359e-05
204,6.312859943751442e-05,1e-04,6.619382338973261e-05
205,6.320469333908298e-05,1e-04,6.64851962903381e-05
206,6.353516936298905e-05,1e-04,6.448152346282655e-05
207,6.284302283565408e-05,1e-04,6.610017402615825e-05
208,6.322242814758924e-05,1e-04,6.65208312325167e-05
209,6.307079649405737e-05,1e-04,6.53666223860759e-05
210,6.289234579398139e-05,1e-04,6.496386779450093e-05
211,6.320348175891845e-05,1e-04,6.50861426317941e-05
212,6.28002005867811e-05,1e-04,6.575641553371513e-05
213,6.313752885137251e-05,1e-04,6.702023270924054e-05
214,6.27326914338841e-05,1e-04,6.938509598983933e-05
215,6.339678375425906e-05,1e-04,6.404630125374068e-05
216,6.286074022285338e-05,1e-04,6.434660946270274e-05
217,6.281978420586929e-05,1e-04,6.826623501964563e-05
218,6.320169057187126e-05,1e-04,6.492662465813453e-05
219,6.312082016809424e-05,1e-04,6.437062557691504e-05
220,6.269861492705466e-05,1e-04,6.516777696787186e-05
221,6.291897118732687e-05,1e-04,6.558345330271371e-05
222,6.292874508366828e-05,1e-04,6.467360433906158e-05
223,6.28102112284363e-05,1e-04,6.504407823951058e-05
224,6.265010050183136e-05,1e-04,6.388131566314328e-05
225,6.284898257253587e-05,1e-04,6.407743630440583e-05
226,6.285383527759056e-05,1e-04,6.420440719003173e-05
227,6.264693597266056e-05,1e-04,6.756511978886612e-05
228,6.240919224375163e-05,1e-04,6.423862029939651e-05
229,6.245203284648392e-05,1e-04,6.426571493930731e-05
230,6.247597429278294e-05,1e-04,6.442215961073717e-05
231,6.268886550252561e-05,1e-04,6.564052922935476e-05
232,6.247703838621226e-05,1e-04,6.390056998019509e-05
233,6.25494650309302e-05,1e-04,6.454019825520892e-05
234,6.257035009338337e-05,1e-04,6.382193296390222e-05
235,6.252709283447549e-05,1e-04,6.451935036506957e-05
236,6.252026436875023e-05,1e-04,6.41405153169541e-05
237,6.269715926413175e-05,1e-04,6.652504754041117e-05
238,6.231721452704605e-05,1e-04,6.408116967782043e-05
239,6.244528329927921e-05,1e-04,6.563577275367515e-05
240,6.251680184299993e-05,1e-04,6.379280161510499e-05
241,6.223615624984517e-05,1e-04,6.649326526391263e-05
242,6.234358029167864e-05,1e-04,6.625999437293434e-05
243,6.183935173551066e-05,1e-04,6.422089863802482e-05
244,6.220422297368535e-05,1e-04,6.369400174411792e-05
245,6.236975657397842e-05,1e-04,6.652821718277697e-05
246,6.214284018734732e-05,1e-04,6.676745286575562e-05
247,6.22271960925042e-05,1e-04,6.45769185431061e-05
248,6.258221586853017e-05,1e-04,6.423316370017263e-05
249,6.22058150556896e-05,1e-04,6.476690028827318e-05
250,6.189450312530439e-05,1e-04,6.832911786960922e-05
251,6.194100913003048e-05,1e-04,6.639994448304535e-05
252,6.209976511431898e-05,1e-04,6.359070156074185e-05
253,6.216098229576257e-05,1e-04,6.5083372434889e-05
