epoch,loss,lr,val_loss
0,0.1181207154904429,0.001,0.05564249711814462
1,0.02881176829861953,0.001,0.008154822837143524
2,0.00429776903946856,0.001,0.002084498685059295
3,0.001396165410586305,0.001,0.001036550626224922
4,0.0008557611565893069,0.001,0.0007634790873377161
5,0.0006750002958502848,0.001,0.0006214386118152201
6,0.0005591034419426273,0.001,0.0005213023176435882
7,0.0004729261007830311,0.001,0.00044045609066713053
8,0.0003995732023487171,0.001,0.0003685266572425192
9,0.00034044512570353903,0.001,0.0003145380635943711
10,0.00029136902201778184,0.001,0.0002698495131284646
11,0.0002529332056480643,0.001,0.00023649657163257737
12,0.00022282019894145195,0.001,0.00020826917135147128
13,0.0001985477534013433,0.001,0.00018632113571259625
14,0.0001801308588221651,0.001,0.00017062812322389488
15,0.00016618170655291597,0.001,0.00015891554353351882
16,0.00015506181580883467,0.001,0.00014943742447261996
17,0.0001461552886276253,0.001,0.00014239839440646418
18,0.000139149483060995,0.001,0.00013569344401467698
19,0.00013315655223482837,0.001,0.00013080592820142054
20,0.00012828659850667754,0.001,0.00012726607606220272
21,0.00012415454545460118,0.001,0.00012274458920493011
22,0.00011930640845889983,0.001,0.0001191860415788307
23,0.00011559124112129375,0.001,0.00011591242887830071
24,0.00011189140756900901,0.001,0.0001141221512425919
25,0.00010882415873267865,0.001,0.00010976662000136944
26,0.00010576336525658677,0.001,0.00010656050126760533
27,0.00010264914822055139,0.001,0.00010410242351776174
28,9.943330086627518e-05,0.001,0.00010195521035582551
29,9.732309776969185e-05,0.001,0.00010107916724275191
30,9.456043374288584e-05,0.001,9.759892074832263e-05
31,9.292502175113008e-05,0.001,9.754785811226951e-05
32,9.067497946843189e-05,0.001,9.393315072571211e-05
33,8.835771483150018e-05,0.001,9.32872966698799e-05
34,8.657933520491612e-05,0.001,9.064295604881297e-05
35,8.471378283282658e-05,0.001,8.964231305815997e-05
36,8.365435445255889e-05,0.001,8.891671157580334e-05
37,8.295403731643615e-05,0.001,9.01449577276717e-05
38,8.13399126511562e-05,0.001,8.639203256057167e-05
39,8.01806339672609e-05,0.001,8.555594384572786e-05
40,7.900036960484957e-05,0.001,8.511659374300943e-05
41,7.829741528175056e-05,0.001,8.546829463727919e-05
42,7.742098426201587e-05,0.001,8.396538391309874e-05
43,7.6753071608468e-05,0.001,8.457143334278287e-05
44,7.611472158725927e-05,0.001,8.242153321452789e-05
45,7.53379118902722e-05,0.001,8.259533191058199e-05
46,7.53726440158612e-05,0.001,8.079646738050403e-05
47,7.44061492178207e-05,0.001,8.086474933462898e-05
48,7.381773872491681e-05,0.001,8.095739604548462e-05
49,7.338923055676115e-05,0.001,8.057069020878411e-05
50,7.29382152981665e-05,0.001,7.993943254002862e-05
51,7.267175397341514e-05,0.001,7.962992183196889e-05
52,7.261948910110996e-05,0.001,7.919978002258421e-05
53,7.211091869963614e-05,0.001,7.900738818582006e-05
54,7.202787313870335e-05,0.001,8.09235216811186e-05
55,7.166520480863094e-05,0.001,7.82678789920968e-05
56,7.093891818948314e-05,0.001,7.856728515367423e-05
57,7.042565649600597e-05,0.001,7.800307225038358e-05
58,7.066302181677122e-05,0.001,7.825753063781519e-05
59,7.071268324350833e-05,0.001,8.17413100292119e-05
60,7.134029904559707e-05,0.001,8.215168430315446e-05
61,6.991650078692834e-05,0.001,7.706487375788985e-05
62,6.983600867184123e-05,0.001,8.243612562454089e-05
63,6.988056667390695e-05,0.001,7.785533272411518e-05
64,7.00700228176829e-05,0.001,7.641977443610646e-05
65,6.968156666367304e-05,0.001,7.596806586075628e-05
66,6.971146389692814e-05,0.001,8.052697109445079e-05
67,6.910336789754239e-05,0.001,7.700957408918607e-05
68,6.842179272432077e-05,0.001,7.680790795822146e-05
69,6.896603082496483e-05,0.001,7.734426653022196e-05
70,6.85277412921482e-05,0.001,7.588180795793405e-05
71,6.899286538847557e-05,0.001,7.687593470209853e-05
72,6.832998929044838e-05,0.001,7.561934902866064e-05
73,6.754094088224123e-05,0.001,7.53780044226298e-05
74,6.7435643548343e-05,0.001,7.529291496043848e-05
75,6.771981148751238e-05,0.001,7.547039115305998e-05
76,6.791388373265515e-05,0.001,7.487702595890613e-05
77,6.722627451005687e-05,0.001,7.413501761742245e-05
78,6.740246435362013e-05,0.001,7.480104461631931e-05
79,6.782032038204088e-05,0.001,7.468764093174125e-05
80,6.699814590329762e-05,0.001,7.44221494224152e-05
81,6.640710201576955e-05,0.001,7.630966836954415e-05
82,6.690046925724138e-05,0.001,7.664434300574855e-05
83,6.658630184695938e-05,0.001,7.570903128679506e-05
84,6.702224603741766e-05,0.001,7.34787717124846e-05
85,6.649618087271181e-05,0.001,7.357398726167098e-05
86,6.575603972732685e-05,0.001,7.427924972981667e-05
87,6.700045946644708e-05,0.001,7.501001429146724e-05
88,6.59490918316693e-05,0.001,7.355565788304525e-05
89,6.572454181848148e-05,0.001,7.605080252193652e-05
90,6.644714329554951e-05,0.001,7.272005776082434e-05
91,6.55045920546925e-05,0.001,7.334944366936838e-05
92,6.602422135803735e-05,0.001,7.509857237391986e-05
93,6.624560705304859e-05,0.001,7.165043023210769e-05
94,6.519713697174787e-05,0.001,7.334280342125153e-05
95,6.586196748155224e-05,0.001,7.584206017161282e-05
96,6.797809752370656e-05,0.001,7.281356441400693e-05
97,6.559646094156392e-05,0.001,7.299334385526465e-05
98,6.523312206814295e-05,0.001,7.183056995395856e-05
99,6.519529341147501e-05,0.001,7.185423404631597e-05
100,6.533461161835654e-05,0.001,7.683072017732342e-05
101,6.710375673171082e-05,0.001,7.215001350509645e-05
102,6.505695364546839e-05,0.001,7.282267986704106e-05
103,6.476879955448459e-05,0.001,7.144978898816476e-05
104,6.507754045274746e-05,0.001,7.184957247935485e-05
105,6.50638273745455e-05,0.001,7.182018353021152e-05
106,6.462222261855833e-05,0.001,7.094453104295713e-05
107,6.430190657500642e-05,0.001,7.24579757502936e-05
108,6.433802617263866e-05,0.001,7.343109335075758e-05
109,6.459066153850424e-05,0.001,7.533936011056911e-05
110,6.585269961795074e-05,0.001,7.103524580890295e-05
111,6.450405490473053e-05,0.001,7.283386247365708e-05
112,6.47781163091276e-05,0.001,6.973067262025306e-05
113,6.470310504737133e-05,0.001,7.050766301306228e-05
114,6.435977335800737e-05,0.001,7.011072822019979e-05
115,6.408119947627104e-05,0.001,7.004903214566165e-05
116,6.312864806160568e-05,0.001,7.017639995614026e-05
117,6.342649423590487e-05,0.001,7.40914024010052e-05
118,6.475584277718316e-05,0.001,7.074797249630484e-05
119,6.495571932214569e-05,0.001,7.049539424275786e-05
120,6.370345205065118e-05,0.001,7.210768330555356e-05
121,6.356081169612779e-05,0.001,6.956824911955088e-05
122,6.341983452434307e-05,0.001,8.171477869230633e-05
123,6.404449998940989e-05,0.001,7.035252865980265e-05
124,6.301747945603412e-05,0.001,7.136248422102078e-05
125,6.25510288995599e-05,0.001,7.409252618587727e-05
126,6.405743444765072e-05,0.001,6.847094253770783e-05
127,6.282586445092012e-05,0.001,6.937179629842487e-05
128,6.381676629631782e-05,0.001,6.897444127590615e-05
129,6.253725320767922e-05,0.001,7.189072978993256e-05
130,6.329873488027546e-05,0.001,7.220393700630362e-05
131,6.217390712017752e-05,0.001,7.236360039604839e-05
132,6.314862546565171e-05,0.001,6.93183794015714e-05
133,6.224527515252114e-05,0.001,6.911908897996467e-05
134,6.387626439481752e-05,0.001,6.970130582082587e-05
135,6.194788924792642e-05,0.001,6.873886200995147e-05
136,6.25560612901913e-05,0.001,6.93755772446266e-05
137,6.17159028016244e-05,0.001,6.747801760242851e-05
138,6.192437371333435e-05,0.001,7.10296996038883e-05
139,6.195353494450072e-05,0.001,6.950583646663739e-05
140,6.230689460156322e-05,0.001,6.956242441087902e-05
141,6.293373179262154e-05,0.001,7.133048045593145e-05
142,6.242420658342007e-05,0.001,6.820940087335317e-05
143,6.238295310492494e-05,0.001,6.700107728769837e-05
144,6.183481179366275e-05,0.001,6.757035631498677e-05
145,6.120026890802601e-05,0.001,7.049379872180607e-05
146,6.26147264178496e-05,0.001,7.025501055164427e-05
147,6.247791567398639e-05,0.001,7.215495811025708e-05
148,6.425852492930373e-05,0.001,6.93334275072236e-05
149,6.0900805952919816e-05,0.001,6.677645507367368e-05
150,6.326437438477894e-05,0.001,6.6472095806824e-05
151,6.222865656870397e-05,0.001,6.803293287787898e-05
152,6.0718894281872076e-05,0.001,6.651345144759233e-05
153,6.069854380415193e-05,0.001,6.658941813481428e-05
154,6.049210080249063e-05,0.001,7.02072672120525e-05
155,6.231490752514234e-05,0.001,6.575260356561123e-05
156,5.980784869053271e-05,0.001,6.568412702847132e-05
157,6.0796967662221794e-05,0.001,6.72410048004078e-05
158,6.009802423467907e-05,0.001,6.773481906660557e-05
159,6.127280636014111e-05,0.001,6.848097155446269e-05
160,6.13704945344374e-05,0.001,6.46101521265746e-05
161,6.0074734324304815e-05,0.001,6.588830887637945e-05
162,6.164246698563203e-05,0.001,6.729025849891352e-05
163,6.245244720755941e-05,0.001,6.82495754698768e-05
164,6.03193295573421e-05,0.001,6.846973193560376e-05
165,6.057970235042783e-05,0.001,6.712354121194184e-05
166,6.120444444014418e-05,0.001,6.429838377967297e-05
