epoch,loss,lr,val_loss
0,0.1256815375790346,0.001,0.048463525389293105
1,0.019569998164317145,0.001,0.006431372704134926
2,0.002994754112864347,0.001,0.00146601353008182
3,0.0010605190916971306,0.001,0.000855056059870739
4,0.00069541030732671,0.001,0.0005900469817451412
5,0.0005096308492536327,0.001,0.0004581266006074031
6,0.0004033528181169127,0.001,0.0003734814030691692
7,0.0003325746001740937,0.001,0.00031393610284901366
8,0.00028092269373210216,0.001,0.00027169756874148386
9,0.00024378111219237756,0.001,0.0002346556391701672
10,0.00021403314705545188,0.001,0.00020907158918550352
11,0.0001913794416463675,0.001,0.00018762974473024186
12,0.0001716881814785695,0.001,0.00017365689377231072
13,0.00015638892723668176,0.001,0.00015764033120504114
14,0.0001421407224299297,0.001,0.00014315778551004802
15,0.00013011894754512939,0.001,0.00013228693622586548
16,0.00012053483507058856,0.001,0.00012287265539625747
17,0.00011189285546181072,0.001,0.00011470883344145116
18,0.00010495274633275349,0.001,0.00010731511095943883
19,9.873395144811129e-05,0.001,0.00010228308130850094
20,9.244316128033583e-05,0.001,9.675862910987945e-05
21,8.691374536127377e-05,0.001,9.12346382138892e-05
22,8.246509271569321e-05,0.001,8.649385550646805e-05
23,7.890984495679988e-05,0.001,8.649617864709e-05
24,7.538232339414513e-05,0.001,7.932695401539117e-05
25,7.152133884664067e-05,0.001,7.617522358129438e-05
26,6.918633341390927e-05,0.001,7.360430198702032e-05
27,6.64628557588246e-05,0.001,7.155664065118846e-05
28,6.555132103675418e-05,0.001,7.050742317550475e-05
29,6.31776388048376e-05,0.001,6.722446483827053e-05
30,6.208552512708336e-05,0.001,6.612634009359886e-05
31,5.9810211310118246e-05,0.001,6.482958733310802e-05
32,5.8385861931569586e-05,0.001,6.258000964642925e-05
33,5.715653504237446e-05,0.001,6.219880746178648e-05
34,5.68631922356823e-05,0.001,6.167073762239873e-05
35,5.5098924175204504e-05,0.001,6.0965389854072856e-05
36,5.463541362973364e-05,0.001,5.9491212048470786e-05
37,5.3409576250895935e-05,0.001,5.790027915342363e-05
38,5.2828906343967694e-05,0.001,5.9148928966871706e-05
39,5.294897477895198e-05,0.001,5.662156868650004e-05
40,5.120807619699697e-05,0.001,5.700958749789873e-05
41,5.132890471993693e-05,0.001,5.551884882290451e-05
42,5.088935101759603e-05,0.001,5.508142334776938e-05
43,5.0381288168196354e-05,0.001,5.416481899763214e-05
44,4.9776419862489725e-05,0.001,5.498135523470606e-05
45,4.9526314738578177e-05,0.001,5.392388895052713e-05
46,4.885459049756558e-05,0.001,5.290089192170733e-05
47,4.740988132551235e-05,0.001,5.208000620134675e-05
48,4.700487344493804e-05,0.001,5.1354853334049245e-05
49,4.6962130153492715e-05,0.001,5.117763427002968e-05
50,4.631200117997256e-05,0.001,5.211318866151426e-05
51,4.555896811262147e-05,0.001,5.024346646159281e-05
52,4.550343893600607e-05,0.001,5.02013121691452e-05
53,4.5111462021582284e-05,0.001,5.004377752236606e-05
54,4.509624566959121e-05,0.001,5.092025594638215e-05
55,4.432887176914733e-05,0.001,4.983507110604429e-05
56,4.440620314538116e-05,0.001,5.0049592263595516e-05
57,4.455143325884052e-05,0.001,4.822328311985059e-05
58,4.362091305184363e-05,0.001,4.688582566021403e-05
59,4.2899293393859436e-05,0.001,4.7104182337091946e-05
60,4.24643310870291e-05,0.001,4.7015816264274044e-05
61,4.227529509277473e-05,0.001,4.878024639805857e-05
62,4.208546002581994e-05,0.001,4.908790803455752e-05
63,4.259257751020041e-05,0.001,4.7316805196148546e-05
64,4.1304700196436215e-05,0.001,4.559918579472216e-05
65,4.173994743048356e-05,0.001,4.8261988781351614e-05
66,4.084820429622284e-05,0.001,4.495554383743219e-05
67,4.1670206176039395e-05,0.001,4.553746428445281e-05
68,4.013269480669617e-05,0.001,4.483328079041898e-05
69,4.0078869141178846e-05,0.001,4.399138169512396e-05
70,3.907423038990466e-05,0.001,4.371245743910872e-05
71,3.926257660443207e-05,0.001,4.52330959815991e-05
72,3.9651388326244604e-05,0.001,4.3186928263801576e-05
73,3.959993844009909e-05,0.001,4.4772949754854546e-05
74,3.8807756232833756e-05,0.001,4.522639389063871e-05
75,3.876465593047593e-05,0.001,4.2982692946495394e-05
76,3.9087841947775015e-05,0.001,4.526436266252437e-05
77,3.748665955660319e-05,0.001,4.1866485429256154e-05
78,3.793185061048392e-05,0.001,4.208584412426515e-05
79,3.7914614468532103e-05,0.001,4.181108114522883e-05
80,3.7859366430105827e-05,0.001,4.177095718511525e-05
81,3.715723898576541e-05,0.001,4.24946653770125e-05
82,3.7228894239487516e-05,0.001,4.1205347342218867e-05
83,3.688385561057796e-05,0.001,4.821953038616208e-05
84,3.739825336131176e-05,0.001,4.6216929684265437e-05
85,3.666465147865384e-05,0.001,4.009756375228353e-05
86,3.7194596938268255e-05,0.001,4.0695349615140673e-05
87,3.5650204768517666e-05,0.001,4.073541357454832e-05
88,3.541121496401962e-05,0.001,3.916312485388864e-05
89,3.535803411168474e-05,0.001,4.007913983992829e-05
90,3.665796321334655e-05,0.001,3.910895123870795e-05
91,3.5901704921613575e-05,0.001,4.095760161965191e-05
92,3.5307179032514026e-05,0.001,4.008602915707534e-05
93,3.484731937798686e-05,0.001,3.800248596350487e-05
94,3.457980614658058e-05,0.001,3.809076695604819e-05
95,3.442471074857136e-05,0.001,3.8299338461586944e-05
96,3.476063053782616e-05,0.001,4.0019633426346115e-05
97,3.424179317287071e-05,0.001,3.994345853760877e-05
98,3.456914287483559e-05,0.001,3.8927110033249997e-05
99,3.3870013497534625e-05,0.001,3.733763619255579e-05
100,3.308829992374772e-05,0.001,3.6723646235907974e-05
101,3.3459219083967926e-05,0.001,3.704630708894873e-05
102,3.285718956916104e-05,0.001,3.6856969459172005e-05
103,3.348496235902326e-05,0.001,4.309775454239225e-05
104,3.453088013703422e-05,0.001,3.6764169825975625e-05
105,3.236484903242357e-05,0.001,3.60110160642305e-05
106,3.4710589236880335e-05,0.001,3.888479090749955e-05
107,3.222768114786886e-05,0.001,3.8856916246880744e-05
108,3.291810807855913e-05,0.001,3.6042928840967246e-05
109,3.201431297462986e-05,0.001,3.524976128471717e-05
110,3.237554362509236e-05,0.001,4.173997563870643e-05
111,3.1996780942881675e-05,0.001,3.410877633557386e-05
112,3.217018432458889e-05,0.001,3.46474083142199e-05
113,3.315324477451106e-05,0.001,3.85194507255658e-05
114,3.2955149713797e-05,0.001,3.426295971778692e-05
115,3.2543382778377744e-05,0.001,3.656541011071131e-05
116,3.19115025107503e-05,0.001,4.002403754273447e-05
117,3.217419470339407e-05,0.001,3.5625082045305e-05
118,3.105634560897715e-05,0.001,3.671908776774684e-05
119,3.084497698064124e-05,0.001,3.513077978683464e-05
120,3.240063865123861e-05,0.001,3.8837182541081176e-05
121,3.0477205729432764e-05,0.001,3.499566945692904e-05
122,3.119171870846408e-05,0.001,3.299157193719104e-05
123,3.110194124349732e-05,0.001,3.474386846900806e-05
124,3.101129135485843e-05,0.001,3.3687970848427866e-05
125,3.2180352660965873e-05,0.001,3.505984681044822e-05
126,3.070413805097066e-05,0.001,3.804554735224033e-05
127,3.002838516701439e-05,0.001,3.841901523429715e-05
128,3.0108352019519556e-05,0.001,3.3061549851893916e-05
129,2.9708889595038005e-05,0.001,3.399519095191416e-05
130,2.9636731012483072e-05,0.001,3.2475342095855194e-05
131,2.9241068159887666e-05,0.001,3.2389505115923803e-05
132,3.0669034851680475e-05,0.001,3.52801120050243e-05
133,2.945517185192462e-05,0.001,3.154548896487604e-05
134,2.8551233511220337e-05,0.001,3.169373586329151e-05
135,3.0340131492110495e-05,0.001,3.4679253125325636e-05
136,2.9774191103412598e-05,0.001,3.295331984977832e-05
137,2.9559338078626847e-05,0.001,3.2006641432920415e-05
138,2.8904250583515248e-05,0.001,3.6301292336194243e-05
139,2.8462919135851444e-05,0.001,3.471798623598213e-05
140,2.8344198784507963e-05,0.001,3.093621583512771e-05
141,2.9023399102690983e-05,0.001,3.262735035590733e-05
142,2.8559401586491148e-05,0.001,3.073264086286378e-05
143,2.8508851209166804e-05,0.001,3.486688959354807e-05
144,2.85441019232493e-05,0.001,3.0738631873102835e-05
145,2.8333177849011205e-05,0.001,3.508883986704471e-05
146,3.0042413144170376e-05,0.001,5.095614343116882e-05
147,2.9128680696317214e-05,0.001,3.0124014171969298e-05
148,2.8049935057146816e-05,0.001,3.1164944983422705e-05
149,3.089248797132096e-05,0.001,3.136812275585629e-05
150,2.8080870698258233e-05,0.001,3.38385987463184e-05
151,2.782708072552058e-05,0.001,3.105588970494991e-05
152,2.6859677066239772e-05,0.001,2.961728776328741e-05
153,2.9276427469301654e-05,0.001,3.381353217869773e-05
154,2.9187872536744388e-05,0.001,3.000510426616575e-05
155,3.096293085900502e-05,0.001,3.0555391625528706e-05
156,2.7196423987482617e-05,0.001,3.096692633770186e-05
157,2.90648953226509e-05,0.001,3.5649490674945455e-05
158,2.7955284036978927e-05,0.001,3.068254988724215e-05
159,2.6582832416633152e-05,0.001,3.1775062253976185e-05
160,2.6405965030102557e-05,0.001,2.883444458621952e-05
161,2.719757946177889e-05,0.001,3.0094616420498958e-05
162,2.6980123089374186e-05,0.001,3.221025423785777e-05
163,2.7191545438701154e-05,0.001,3.0335814202088668e-05
164,2.7252302110525482e-05,0.001,2.883597003512705e-05
165,2.8476101335417938e-05,0.001,3.0401005165111983e-05
166,2.6422349869652586e-05,0.001,3.134307153866126e-05
167,2.8816268942398733e-05,0.001,3.443428126358698e-05
168,2.844170121969488e-05,0.001,3.275070252498795e-05
169,2.759654204947764e-05,0.001,2.9413563434985464e-05
170,2.69996188168293e-05,0.001,3.180952504630165e-05
