epoch,loss,lr,val_loss
0,0.07192466905546063,0.001,0.05309609375447505
1,0.042363801216233635,0.001,0.028874188491175602
2,0.020237864882745593,0.001,0.011389164348082964
3,0.006493609476974805,0.001,0.0027168371056556138
4,0.0013633264898038721,0.001,0.0006047719235720013
5,0.00042859571993036195,0.001,0.00031414055518882365
6,0.0002886620475466146,0.001,0.00024065717119041958
7,0.0002359308550626059,0.001,0.00020357823984114282
8,0.00020659812662368005,0.001,0.00018354347152877833
9,0.00018869012269238743,0.001,0.00017098167631885314
10,0.00017586795964046674,0.001,0.0001613134846028105
11,0.00016585810074497883,0.001,0.0001532989556861495
12,0.00015675472220994741,0.001,0.0001466958139059413
13,0.00014866936217704805,0.001,0.00013961193225403795
14,0.00014092034495952695,0.001,0.00013334293809277962
15,0.0001339685510384855,0.001,0.00012657524740958016
16,0.0001267813279553628,0.001,0.00012045100163110189
17,0.00012075639092432737,0.001,0.00011460039369308034
18,0.00011420570991677681,0.001,0.00010931378560326553
19,0.00010799554792804083,0.001,0.000103781976663083
20,0.00010235101328518457,0.001,9.886413333938995e-05
21,9.712240662115451e-05,0.001,9.455377415405756e-05
22,9.223275214497688e-05,0.001,9.014652689407676e-05
23,8.751438336983901e-05,0.001,8.569236921715001e-05
24,8.34184593889877e-05,0.001,8.181610846747306e-05
25,7.932598212992385e-05,0.001,7.832803114259333e-05
26,7.5544197552804e-05,0.001,7.505506767672104e-05
27,7.229812571241874e-05,0.001,7.199132064225561e-05
28,6.910259625298499e-05,0.001,6.923800518551522e-05
29,6.64288193823247e-05,0.001,6.671014675172413e-05
30,6.355669362633203e-05,0.001,6.441341828109038e-05
31,6.129802556615894e-05,0.001,6.255031681225902e-05
32,5.9199253782314364e-05,0.001,6.055244649885287e-05
33,5.740521232240333e-05,0.001,5.8929057914762956e-05
34,5.558684179703085e-05,0.001,5.719259246838226e-05
35,5.403779169394522e-05,0.001,5.590731826581851e-05
36,5.255320708502056e-05,0.001,5.474213748494213e-05
37,5.1520177042486894e-05,0.001,5.359750087534545e-05
38,5.037303455948712e-05,0.001,5.275894732264822e-05
39,4.931814967082355e-05,0.001,5.2359412749825276e-05
40,4.8690603975342805e-05,0.001,5.136423367426337e-05
41,4.77139321727219e-05,0.001,5.040967691273279e-05
42,4.6876589886904503e-05,0.001,5.0052289196586804e-05
43,4.636940598756364e-05,0.001,4.934467614122684e-05
44,4.5640728630198105e-05,0.001,4.8400597848906696e-05
45,4.507368081733511e-05,0.001,4.774001137333649e-05
46,4.460918303083053e-05,0.001,4.731229047519772e-05
47,4.417084268275518e-05,0.001,4.6901981919112965e-05
48,4.374371397117562e-05,0.001,4.624899146295805e-05
49,4.320197018807764e-05,0.001,4.622780322023794e-05
50,4.295033870313615e-05,0.001,4.5716078327278305e-05
51,4.238915099750555e-05,0.001,4.5098473217113574e-05
52,4.197519907574724e-05,0.001,4.4400539836399725e-05
53,4.164875036365664e-05,0.001,4.431227392071567e-05
54,4.130485572993075e-05,0.001,4.397716016017638e-05
55,4.089670956871617e-05,0.001,4.3542197584053384e-05
56,4.073059780495861e-05,0.001,4.319856116384391e-05
57,4.0267175380778686e-05,0.001,4.2952151815935804e-05
58,3.99750906501535e-05,0.001,4.2033388875410174e-05
59,3.970119406784364e-05,0.001,4.192006370098233e-05
60,3.9272162843709274e-05,0.001,4.145491618350183e-05
61,3.9274329437846527e-05,0.001,4.147840007118314e-05
62,3.856865044337846e-05,0.001,4.0674463803373126e-05
63,3.8519137350482714e-05,0.001,4.05806903091108e-05
64,3.79451706396614e-05,0.001,4.027956623047126e-05
65,3.7860055228533396e-05,0.001,3.967295593002955e-05
66,3.749211272153426e-05,0.001,3.9327553850661065e-05
67,3.7131746912580194e-05,0.001,3.951835159703719e-05
68,3.695019209826155e-05,0.001,3.8465079508537475e-05
69,3.662635760970826e-05,0.001,3.80058696774262e-05
70,3.6205573092278375e-05,0.001,3.8842864281608804e-05
71,3.618013097350274e-05,0.001,3.754525055988745e-05
72,3.574486027803841e-05,0.001,3.727168741849712e-05
73,3.514103442100211e-05,0.001,3.708679312476536e-05
74,3.4981871549732865e-05,0.001,3.638244494307369e-05
75,3.5178713826350495e-05,0.001,3.6534506099354414e-05
76,3.443544677102118e-05,0.001,3.65369827940117e-05
77,3.399492673973036e-05,0.001,3.5518885461877215e-05
78,3.382581378171288e-05,0.001,3.5194766235630374e-05
79,3.3463629027316835e-05,0.001,3.478536099427393e-05
80,3.3422662991636485e-05,0.001,3.5256273308058256e-05
81,3.2951232254763676e-05,0.001,3.4277233494278956e-05
82,3.270046868580296e-05,0.001,3.4442871587467747e-05
83,3.2704117471509615e-05,0.001,3.3379546914279774e-05
84,3.2113030307545796e-05,0.001,3.382652940681022e-05
85,3.202964550523567e-05,0.001,3.2774601385073754e-05
86,3.1795780879195415e-05,0.001,3.289583010862696e-05
87,3.158465317726109e-05,0.001,3.267414488931398e-05
88,3.140797646501246e-05,0.001,3.176433419407902e-05
89,3.089539487357904e-05,0.001,3.220823221422779e-05
90,3.099485982063976e-05,0.001,3.1909235779376704e-05
91,3.0345507249379434e-05,0.001,3.140472677721398e-05
92,3.022795316755373e-05,0.001,3.0815006028647805e-05
93,3.059918632896086e-05,0.001,3.124629169844285e-05
94,2.9719878878952503e-05,0.001,3.095578604217322e-05
95,2.9432771453173545e-05,0.001,2.9972705633209853e-05
96,2.9356849756046573e-05,0.001,2.9798484291363148e-05
97,2.898817567126018e-05,0.001,2.9438230295491856e-05
98,2.9126341349584736e-05,0.001,2.9391670145899755e-05
99,2.8673331370588837e-05,0.001,2.929434288572777e-05
100,2.8080372383702635e-05,0.001,2.892773235392094e-05
101,2.8031356761153727e-05,0.001,2.8744583624392698e-05
102,2.80531639007027e-05,0.001,2.8646196679523206e-05
103,2.774574348066718e-05,0.001,2.791776378130965e-05
104,2.766918734106135e-05,0.001,2.7863154379819513e-05
105,2.7469931404398273e-05,0.001,2.7564909342521793e-05
106,2.7336761127156734e-05,0.001,2.812574276053721e-05
107,2.7802981021968998e-05,0.001,2.7002529926966783e-05
108,2.710290119608423e-05,0.001,2.7477673898680187e-05
109,2.6724081342065733e-05,0.001,2.7301649502236162e-05
110,2.6493675318266665e-05,0.001,2.6508149769331978e-05
111,2.6667088521418166e-05,0.001,2.7896575004942805e-05
112,2.7184304931619403e-05,0.001,2.613027727736156e-05
113,2.6219927405050813e-05,0.001,2.6913548115582488e-05
114,2.6372456574238e-05,0.001,2.6193697628258853e-05
115,2.569805540010087e-05,0.001,2.5691044219075086e-05
116,2.5633764128171555e-05,0.001,2.5570760101883464e-05
117,2.5459735004376902e-05,0.001,2.5139525490030736e-05
118,2.5396306294674257e-05,0.001,2.5902028713920314e-05
119,2.5663862143692742e-05,0.001,2.60877709780498e-05
120,2.5632499800562768e-05,0.001,2.5793539538001934e-05
121,2.573860762047034e-05,0.001,2.5948743569421912e-05
122,2.5422080556455114e-05,0.001,2.4694859397302716e-05
123,2.4905655025007063e-05,0.001,2.5336513854113366e-05
124,2.568752368145615e-05,0.001,2.4482536246757354e-05
125,2.501432824754091e-05,0.001,2.5412720931607242e-05
126,2.467339613145436e-05,0.001,2.4820974689566057e-05
127,2.5277710805098946e-05,0.001,2.4175085768877377e-05
128,2.457652002809106e-05,0.001,2.436523889295194e-05
129,2.480471206591126e-05,0.001,2.5859445678503533e-05
130,2.4685271494565597e-05,0.001,2.425739153338617e-05
131,2.4534811803958118e-05,0.001,2.3943841014290962e-05
132,2.4599185670748835e-05,0.001,2.376961897239155e-05
133,2.4445702577964056e-05,0.001,2.3772037103623432e-05
134,2.4341771651623932e-05,0.001,2.401597237920283e-05
135,2.4288002487958893e-05,0.001,2.3792607561308357e-05
136,2.466410623368982e-05,0.001,2.329216004688622e-05
137,2.451524402449379e-05,0.001,2.367573198925723e-05
138,2.4261414546663456e-05,0.001,2.37017870041151e-05
139,2.4300856081590577e-05,0.001,2.377418161753443e-05
140,2.442206969199153e-05,0.001,2.3602484424737332e-05
141,2.4325788277109608e-05,0.001,2.3895448591508345e-05
142,2.3925417123286783e-05,0.001,2.347271302689237e-05
143,2.38205195499801e-05,0.001,2.2931790375912763e-05
144,2.3922520941100938e-05,0.001,2.2982721396373754e-05
145,2.3878277659927122e-05,0.001,2.3388999312942e-05
146,2.416078860142318e-05,0.001,2.2624265130108723e-05
147,2.4275142401076598e-05,0.001,2.3128110327378167e-05
148,2.371497852398505e-05,0.001,2.3894618793790248e-05
149,2.3879461514297874e-05,0.001,2.33088004488567e-05
150,2.3567262345329847e-05,0.001,2.297989236289519e-05
151,2.398713869391329e-05,0.001,2.263375253126294e-05
152,2.3502037537456677e-05,0.001,2.288040619182668e-05
153,2.3486904614394913e-05,0.001,2.320272305205263e-05
154,2.3945165784204224e-05,0.001,2.8491766894917804e-05
155,2.4438689194815176e-05,0.001,2.2934895821184886e-05
156,2.3865541056621797e-05,0.001,2.3808269857673916e-05
157,2.406034032844175e-05,0.001,2.396431052093306e-05
158,2.3575051839650167e-05,0.001,2.2360706378794673e-05
159,2.3600205457786663e-05,0.001,2.3716590668624548e-05
160,2.3903865474975552e-05,0.001,2.4798003992160168e-05
161,2.3972213643750023e-05,0.001,2.2759819439555775e-05
162,2.3380973879636294e-05,0.001,2.26838444697003e-05
163,2.3783847383095437e-05,0.001,2.3647943775880898e-05
164,2.3682868790921052e-05,0.001,2.311999613124648e-05
165,2.3300985675920845e-05,0.001,2.2197540395491763e-05
166,2.370883090620442e-05,0.001,2.1965931269210947e-05
167,2.3373298993753758e-05,0.001,2.391311857017192e-05
168,2.3905003460231375e-05,0.001,2.6164516235405378e-05
169,2.4300773996109918e-05,0.001,2.3687847864528388e-05
170,2.3890486542868833e-05,0.001,2.2342559526524248e-05
171,2.3091751248241383e-05,0.001,2.214710092679186e-05
172,2.439213956887373e-05,0.001,2.2941466578986048e-05
173,2.3557204192771573e-05,0.001,2.2428389884254597e-05
174,2.3443317765083763e-05,0.001,2.6579255671794924e-05
175,2.4084806334179004e-05,0.001,2.263792259603032e-05
176,2.3751914230259517e-05,0.001,2.234802918749375e-05
177,2.3123292022445053e-05,0.001,2.3358832159808952e-05
178,2.3889934505706946e-05,0.001,2.259786185624492e-05
179,2.3343746380702283e-05,0.001,2.279045447463512e-05
180,2.347020085477156e-05,0.001,2.303086992538474e-05
181,2.3923437974892594e-05,0.001,2.201648947717813e-05
