epoch,loss,lr,val_loss
0,0.071882257189065,0.001,0.05523979318348767
1,0.0422885444908394,0.001,0.029509378849801957
2,0.020202044849053857,0.001,0.011468521836404733
3,0.006467083403745994,0.001,0.0027054696496611325
4,0.0013938122491792622,0.001,0.0006224677537359321
5,0.00046915822516781756,0.001,0.0003625121707065848
6,0.0003320354543187415,0.001,0.0002918086512391059
7,0.0002792902939755906,0.001,0.00025462261985947763
8,0.00024944689936057463,0.001,0.00023446542343818097
9,0.00023118852832713032,0.001,0.00021928689167695267
10,0.00021811371761269063,0.001,0.0002080630953570575
11,0.0002070783489527226,0.001,0.0001984833007419852
12,0.00019770378975549898,0.001,0.0001903976958185546
13,0.0001891464028500779,0.001,0.00018239471051850788
14,0.00018093449580510886,0.001,0.00017566113955486706
15,0.0001736623213114429,0.001,0.00016847450370798973
16,0.00016656762245535533,0.001,0.00016228085149106003
17,0.00015925628328745267,0.001,0.00015546809690042285
18,0.0001526032456294694,0.001,0.00014949355865512867
19,0.00014650936872896513,0.001,0.00014375552580227682
20,0.00014058778849398556,0.001,0.00013854734007230952
21,0.00013504977816306322,0.001,0.0001322813358476271
22,0.00012979666530499035,0.001,0.00012802318438952964
23,0.0001249265723569267,0.001,0.0001227485280355794
24,0.0001207042978169828,0.001,0.00011877631122240508
25,0.00011622147121192245,0.001,0.00011521446147135955
26,0.00011246099229375651,0.001,0.00011124881252970353
27,0.00010877177041675455,0.001,0.00010829302372134729
28,0.00010555580223399964,0.001,0.00010483108544634062
29,0.00010239706463495493,0.001,0.00010191188212678758
30,9.96779153333274e-05,0.001,9.970692825894391e-05
31,9.755777942522778e-05,0.001,9.76728323297296e-05
32,9.51770070248905e-05,0.001,9.632676876368947e-05
33,9.326821050456589e-05,0.001,9.383596063074465e-05
34,9.146444010654385e-05,0.001,9.168108701849157e-05
35,8.975790409886046e-05,0.001,8.958142608101553e-05
36,8.834182803489773e-05,0.001,8.841480743778982e-05
37,8.685565731819337e-05,0.001,8.734642076383165e-05
38,8.603685062647628e-05,0.001,8.593446904061103e-05
39,8.484941548381809e-05,0.001,8.539056373475126e-05
40,8.382674692101274e-05,0.001,8.403059457427284e-05
41,8.295069171199488e-05,0.001,8.357409357988608e-05
42,8.235082011250812e-05,0.001,8.24577746874644e-05
43,8.154504806295565e-05,0.001,8.161262676453258e-05
44,8.111007364586834e-05,0.001,8.090962989113297e-05
45,8.051829904467935e-05,0.001,8.160052120069348e-05
46,7.973113500552228e-05,0.001,7.957794389276904e-05
47,7.936732649268296e-05,0.001,7.992733177385213e-05
48,7.861468491888835e-05,0.001,7.923741209153997e-05
49,7.85985983019617e-05,0.001,7.829828647700541e-05
50,7.789041209215794e-05,0.001,7.760961839711816e-05
51,7.788589730562725e-05,0.001,7.706174620244306e-05
52,7.72648334760528e-05,0.001,7.639904367412097e-05
53,7.700404651966396e-05,0.001,7.645572701043799e-05
54,7.641786419067904e-05,0.001,7.614876792365127e-05
55,7.64722936110417e-05,0.001,7.586265198803031e-05
56,7.594325667993654e-05,0.001,7.504153432670102e-05
57,7.524361812512739e-05,0.001,7.432587018323922e-05
58,7.49229805784888e-05,0.001,7.399349917181362e-05
59,7.460136700918898e-05,0.001,7.41748755056101e-05
60,7.398524170332904e-05,0.001,7.430403194732139e-05
61,7.39807546358251e-05,0.001,7.336559139747739e-05
62,7.35995179168959e-05,0.001,7.384265046091148e-05
63,7.322221103116894e-05,0.001,7.212978372233185e-05
64,7.292750689870332e-05,0.001,7.224092391750713e-05
65,7.271102740391353e-05,0.001,7.161116345942738e-05
66,7.211141947436852e-05,0.001,7.239403151486535e-05
67,7.1919227956212e-05,0.001,7.099968995023093e-05
68,7.166703050368789e-05,0.001,7.04327935019834e-05
69,7.134934222681131e-05,0.001,6.945572971320073e-05
70,7.093660886795416e-05,0.001,6.953260495657195e-05
71,7.030361701759745e-05,0.001,7.056864033591249e-05
72,7.071613276845063e-05,0.001,6.905904434340763e-05
73,7.032890616268308e-05,0.001,6.966341758526609e-05
74,6.972237110706837e-05,0.001,6.824964650540117e-05
75,6.908119050687968e-05,0.001,6.807086811309507e-05
76,6.91118909395055e-05,0.001,6.7393177708854e-05
77,6.844978304028585e-05,0.001,6.7338395187773e-05
78,6.804700900354003e-05,0.001,6.701498152284181e-05
79,6.81961151633981e-05,0.001,6.66928857587695e-05
80,6.846324923370164e-05,0.001,6.632477999472042e-05
81,6.756888506558237e-05,0.001,6.674907408896701e-05
82,6.75443380439457e-05,0.001,6.586853728535268e-05
83,6.733709896942082e-05,0.001,6.480870153712717e-05
84,6.676829514278378e-05,0.001,6.443149123189542e-05
85,6.657564504547606e-05,0.001,6.701712104457368e-05
86,6.607705239146406e-05,0.001,6.461521920339317e-05
87,6.579520264715531e-05,0.001,6.388523168322022e-05
88,6.542423098464823e-05,0.001,6.354371307163253e-05
89,6.50525577239654e-05,0.001,6.278554006391175e-05
90,6.51269241888431e-05,0.001,6.280759488006948e-05
91,6.430053134730622e-05,0.001,6.213311659306587e-05
92,6.458263962401147e-05,0.001,6.463685135986165e-05
93,6.458562141115783e-05,0.001,6.264815157621274e-05
94,6.394978283409615e-05,0.001,6.21691854774022e-05
95,6.356252465072357e-05,0.001,6.248149443581209e-05
96,6.392040147163402e-05,0.001,6.291157400660799e-05
97,6.330040164438632e-05,0.001,6.126415557406141e-05
98,6.29434211842198e-05,0.001,6.227049413239966e-05
99,6.277637914872172e-05,0.001,6.142191380515404e-05
100,6.262147451479666e-05,0.001,6.014864757219667e-05
101,6.237523834641107e-05,0.001,6.158893750921737e-05
102,6.259177308160742e-05,0.001,5.947326207426979e-05
103,6.223672274835545e-05,0.001,5.959190591633223e-05
104,6.2072103634796e-05,0.001,6.004513104278036e-05
105,6.127180259913821e-05,0.001,5.89009408717123e-05
106,6.12320361754087e-05,0.001,5.959654905605982e-05
107,6.136839083445517e-05,0.001,5.839398196051544e-05
108,6.067974435291529e-05,0.001,5.8383154394531075e-05
109,6.099366967308753e-05,0.001,5.9504136900352875e-05
110,6.026088312415398e-05,0.001,5.833443442167867e-05
111,6.0238411682276785e-05,0.001,5.895133962833076e-05
112,6.0132040668194384e-05,0.001,5.8311136564396305e-05
113,5.985073455752768e-05,0.001,5.763935352620898e-05
114,6.0483640828035226e-05,0.001,5.721359511680184e-05
115,5.967063379881703e-05,0.001,5.6817408551774885e-05
116,5.915159453332925e-05,0.001,5.7715800004513284e-05
117,5.916011778976567e-05,0.001,5.684878769123556e-05
118,5.922133616568642e-05,0.001,5.683606629906595e-05
119,5.9206711863223244e-05,0.001,5.8860167679108814e-05
120,5.937740115290797e-05,0.001,5.74447856517325e-05
121,5.879793170453701e-05,0.001,5.7931463531132536e-05
122,5.8562937232403265e-05,0.001,5.652726281440541e-05
123,5.863775711210895e-05,0.001,5.694297897924701e-05
124,5.8040849853282034e-05,0.001,5.6084190816280644e-05
125,5.8850777696217795e-05,0.001,5.682876924806045e-05
126,5.871344725806214e-05,0.001,5.586341617043917e-05
127,5.804629979036223e-05,0.001,5.703061675255874e-05
128,5.8112197396341516e-05,0.001,5.5083484480330834e-05
129,5.830914151110008e-05,0.001,5.759723276657872e-05
130,5.834518277332042e-05,0.001,5.5731561128839654e-05
131,5.817327749463878e-05,0.001,5.536884531156198e-05
132,5.796120139256522e-05,0.001,5.57554109948937e-05
133,5.808979332274204e-05,0.001,5.6607659093353295e-05
134,5.921731678566969e-05,0.001,5.6240133099182294e-05
135,5.85233030280998e-05,0.001,5.463564305756115e-05
136,5.731520104044541e-05,0.001,5.499697933491313e-05
137,5.756326273843549e-05,0.001,5.7052543768930994e-05
138,5.782756236292222e-05,0.001,5.540038416632569e-05
139,5.756757022520639e-05,0.001,5.592652211160023e-05
140,5.727219732690934e-05,0.001,5.6632602717161874e-05
141,5.7576326623421e-05,0.001,5.546869222208423e-05
142,5.708219709358029e-05,0.001,5.6561912129572904e-05
143,5.7268157173561825e-05,0.001,5.5443193731911783e-05
144,5.725564603693008e-05,0.001,5.6193368901441325e-05
145,5.7054541938673136e-05,0.001,5.479439718822129e-05
146,5.756360394335843e-05,0.001,5.913351743066337e-05
147,5.7447717473732844e-05,0.001,5.5045701316113465e-05
148,5.72120342428235e-05,0.001,5.683866155510827e-05
149,5.753429878845516e-05,0.001,5.817268119637608e-05
150,5.710742289218461e-05,0.001,5.6044903284707036e-05
151,5.738476696084897e-05,0.001,5.7066190848824766e-05
152,5.746716527194271e-05,0.001,5.552913426760913e-05
153,5.678780059411122e-05,0.001,5.416304652025697e-05
154,5.715143584071838e-05,0.001,5.4621541402460594e-05
155,5.736513276372426e-05,0.001,5.564697308349056e-05
156,5.6974025489111595e-05,0.001,5.484916302280013e-05
157,5.66787224558194e-05,0.001,5.8009381164456585e-05
158,5.7739732736915296e-05,0.001,5.4830747539649805e-05
159,5.644574416097659e-05,0.001,5.61234741131092e-05
160,5.667978565480698e-05,0.001,5.508255609568232e-05
161,5.649159184946219e-05,0.001,5.470453237511338e-05
162,5.6558364919165885e-05,0.001,5.5006736026832996e-05
163,5.680716784418042e-05,0.001,5.607686631402812e-05
164,5.675850189779983e-05,0.001,5.398313248179683e-05
165,5.628582502147821e-05,0.001,5.443194626629637e-05
166,5.6226147289415304e-05,0.001,5.441273469698236e-05
167,5.638597851173009e-05,0.001,5.646133795610118e-05
168,5.683754248451907e-05,0.001,5.4093819903540323e-05
169,5.646766106930187e-05,0.001,5.501085595175997e-05
170,5.6813139462065966e-05,0.001,5.4800115930238205e-05
171,5.675615862375192e-05,0.001,5.6232598994264365e-05
172,5.758272730475657e-05,0.001,5.42938638886522e-05
173,5.6050559625122515e-05,0.001,5.654278407310362e-05
174,5.6160860968437214e-05,0.001,5.4088825578356974e-05
175,5.6484587915241965e-05,0.001,5.5878188648174463e-05
176,5.641496404093066e-05,0.001,5.459280039440129e-05
177,5.638624698002944e-05,0.001,5.6362008338622246e-05
178,5.592753512101689e-05,0.001,5.439955245208418e-05
179,5.7255010688732925e-05,0.001,5.539394447330991e-05
180,5.614153616272923e-05,0.001,5.416716299082552e-05
181,5.625082157910343e-05,0.001,5.430933797986493e-05
182,5.667947786241775e-05,0.001,5.694463663519292e-05
183,5.807395673556811e-05,0.001,5.519682054574255e-05
184,5.6510706381780325e-05,0.001,5.496182198805532e-05
185,5.653603221778856e-05,0.001,5.4866656490633915e-05
186,5.639928833836454e-05,0.001,5.4499769897059883e-05
187,5.648984215507523e-05,0.001,5.5535904718313235e-05
188,5.650534571863432e-05,0.001,5.452234987898477e-05
